4.1
1629 9261
865 568
909 909
3451 1543
5433 3345
309 903
35 53
443 344
6511 1156
1129 9211
201 102
8863 3688
645 546
91 19
8347 7438
3549 9453
513 315
159 951
5325 5235
909 909
349 943
65 56
81 18
965 569
185 581
77 77
293 392
157 751
15 51
391 193
4355 5534
453 354
67 76
479 974
21 12
31 13
477 774
347 743
247 742
367 763
159 951
481 184
567 765
929 929
721 127
833 338
433 334
511 115
231 132
551 155
731 137
147 741
81 18
2281 1822
805 508
291 192
989 989
673 376
551 155
357 753
719 917
503 305
299 992
941 149
367 763
233 332
21 12
893 398
527 725
989 989
331 133
35 53
911 119
589 985
911 119
291 192
555 555
555 555
771 177
555 555
6543 3456
361 163
6543 3456
41 14
137 731
591 195
243 342
69 96
793 397
69 96
871 178
19 91
677 776
211 112
761 167
241 142
229 922
675 576
591 195
221 122
